3 0.4 0.1890625 0.065625 0.0828125
3 0.13046875 0.4640625 0.065625 0.09296875
3 0.459375 0.48828125 0.0671875 0.1
3 0.7609375 0.309375 0.06171875 0.09765625
3 0.321875 0.40703125 0.065625 0.07734375
3 0.46640625 0.33125 0.07109375 0.09296875
3 0.5953125 0.6140625 0.04296875 0.12265625
3 0.38125 0.6203125 0.0328125 0.08515625
3 0.4171875 0.38515625 0.05859375 0.08515625
1 0.2203125 0.33671875 0.13359375 0.22265625
1 0.6078125 0.3 0.23203125 0.11484375
1 0.70390625 0.253125 0.2015625 0.075
1 0.378125 0.6203125 0.08203125 0.10546875
1 0.43671875 0.6640625 0.109375 0.16796875
1 0.559375 0.60546875 0.121875 0.11484375
1 0.66171875 0.48046875 0.25703125 0.21015625
1 0.37578125 0.4640625 0.1421875 0.2078125
1 0.2546875 0.6546875 0.0984375 0.3875
1 0.80859375 0.37890625 0.06484375 0.16796875