3 0.1484375 0.2765625 0.10078125 0.1328125
3 0.04296875 0.35234375 0.08515625 0.13046875
3 0.328125 0.36484375 0.0953125 0.13046875
3 0.403125 0.2328125 0.09375 0.1125
3 0.50703125 0.11640625 0.09375 0.1203125
3 0.05625 0.10234375 0.09375 0.12265625
3 0.04140625 0.53359375 0.08203125 0.15078125
3 0.084375 0.71796875 0.10234375 0.14609375
3 0.40234375 0.63515625 0.0953125 0.1328125
3 0.525 0.571875 0.1 0.1359375
3 0.62578125 0.60390625 0.10078125 0.13828125
3 0.60859375 0.71171875 0.103125 0.128125
3 0.6765625 0.809375 0.0984375 0.14375
3 0.846875 0.678125 0.0984375 0.13828125
3 0.81171875 0.56484375 0.0953125 0.1203125
3 0.7546875 0.44140625 0.0890625 0.1203125
3 0.615625 0.33828125 0.0921875 0.12265625
3 0.6609375 0.2609375 0.09140625 0.128125
3 0.753125 0.32421875 0.09609375 0.12578125
3 0.7046875 0.0578125 0.08828125 0.11484375
3 0.86640625 0.184375 0.0828125 0.1328125
3 0.953125 0.134375 0.0875 0.12578125
3 0.425 0.78359375 0.109375 0.1484375
1 0.80703125 0.8515625 0.18515625 0.15625
1 0.29765625 0.63515625 0.12109375 0.24609375
1 0.20703125 0.72734375 0.16328125 0.17890625
1 0.11171875 0.4171875 0.153125 0.14375
1 0.20390625 0.1203125 0.1421875 0.21015625
1 0.30546875 0.08828125 0.08515625 0.1765625
1 0.26640625 0.28125 0.128125 0.21015625
1 0.525 0.30234375 0.10390625 0.1890625
1 0.60078125 0.190625 0.1078125 0.21796875
1 0.88125 0.3546875 0.15078125 0.1609375
1 0.94375 0.30859375 0.10625 0.23828125
1 0.8859375 0.5328125 0.1390625 0.2
1 0.94921875 0.78046875 0.1015625 0.25625
1 0.55703125 0.759375 0.140625 0.2125
1 0.53046875 0.42734375 0.1609375 0.14375
1 0.6375 0.48125 0.16328125 0.17421875
1 0.4234375 0.46484375 0.146875 0.18203125
1 0.75390625 0.6875 0.12421875 0.20703125