1 0.57421875 0.13828125 0.19921875 0.1515625
1 0.7 0.2140625 0.07734375 0.26953125
1 0.475 0.1890625 0.19453125 0.103125
1 0.45234375 0.2796875 0.20625 0.07421875
1 0.715625 0.3125 0.18046875 0.1875
1 0.65234375 0.33984375 0.159375 0.24296875
1 0.5765625 0.30078125 0.121875 0.26953125
1 0.46796875 0.37265625 0.15546875 0.1109375
1 0.39453125 0.4203125 0.11015625 0.27421875
1 0.69375 0.5 0.2 0.15859375
1 0.5453125 0.46171875 0.20859375 0.1296875
1 0.5765625 0.55546875 0.2 0.1390625
1 0.40703125 0.58203125 0.2015625 0.08203125
1 0.51953125 0.65625 0.196875 0.14453125
1 0.53828125 0.728125 0.209375 0.14921875
1 0.47421875 0.70546875 0.17734375 0.1703125