1 0.3140625 0.19140625 0.18515625 0.2046875
1 0.44140625 0.2328125 0.0890625 0.2640625
1 0.55390625 0.1984375 0.1640625 0.21875
1 0.66171875 0.3140625 0.0921875 0.2671875
1 0.29609375 0.30546875 0.153125 0.22578125
1 0.41640625 0.2953125 0.09140625 0.25
1 0.49921875 0.384375 0.1078125 0.259375
1 0.71953125 0.515625 0.19296875 0.103125
1 0.584375 0.44921875 0.0859375 0.26953125
1 0.51484375 0.47578125 0.10546875 0.2546875
1 0.315625 0.53828125 0.125 0.259375
1 0.35546875 0.45078125 0.10390625 0.25703125
1 0.44296875 0.553125 0.115625 0.2546875
1 0.49453125 0.73046875 0.19921875 0.10546875
1 0.68125 0.66953125 0.18828125 0.19921875