1 0.5921875 0.08671875 0.1921875 0.15390625
1 0.603125 0.16015625 0.2046875 0.12265625
1 0.42734375 0.2796875 0.19921875 0.1421875
1 0.6265625 0.26171875 0.2046875 0.1203125
1 0.6375 0.34375 0.20234375 0.15390625
1 0.55390625 0.36328125 0.20234375 0.1921875
1 0.378125 0.43125 0.16796875 0.2328125
1 0.38203125 0.521875 0.15546875 0.23046875
1 0.4609375 0.50859375 0.15625 0.24296875
1 0.596875 0.55625 0.19765625 0.19453125
1 0.6640625 0.553125 0.19296875 0.1875
1 0.775 0.5984375 0.13046875 0.259375
1 0.5015625 0.69921875 0.190625 0.134375
1 0.42578125 0.73671875 0.19765625 0.17578125
1 0.69375 0.72578125 0.2046875 0.14921875
1 0.67109375 0.87265625 0.18828125 0.23046875