0 0.10703125 0.08515625 0.2140625 0.1703125
0 0.0515625 0.27578125 0.103125 0.321875
0 0.14765625 0.63046875 0.2953125 0.5234375
0 0.26640625 0.2046875 0.31953125 0.409375
0 0.55 0.12578125 0.309375 0.2515625
0 0.80078125 0.0625 0.23671875 0.125
0 0.953125 0.0484375 0.090625 0.096875
0 0.80703125 0.30625 0.33828125 0.4765625
0 0.49921875 0.5046875 0.3625 0.49921875
0 0.953125 0.24453125 0.09375 0.31484375
0 0.94140625 0.58828125 0.11484375 0.42734375
0 0.7890625 0.771875 0.40390625 0.36484375
0 0.33671875 0.8375 0.39765625 0.22734375