0 0.11640625 0.19296875 0.07890625 0.078125
0 0.15625 0.24296875 0.075 0.06015625
0 0.1953125 0.1953125 0.08203125 0.07578125
0 0.375 0.2125 0.1125 0.12109375
0 0.60625 0.21171875 0.16640625 0.0828125
0 0.82734375 0.2125 0.0984375 0.10546875
0 0.159375 0.43828125 0.140625 0.12578125
0 0.38671875 0.4421875 0.1328125 0.12734375
0 0.61328125 0.4421875 0.1453125 0.13203125
0 0.83828125 0.44375 0.084375 0.125
0 0.1421875 0.6609375 0.05546875 0.0578125
0 0.35703125 0.6609375 0.08984375 0.090625
0 0.43046875 0.7 0.06015625 0.05546875
0 0.60703125 0.67890625 0.121875 0.1171875
0 0.83046875 0.6765625 0.1078125 0.11484375