0 0.06796875 0.37109375 0.13515625 0.1609375
0 0.57734375 0.21484375 0.16328125 0.1515625
0 0.315625 0.25859375 0.16328125 0.12265625
0 0.275 0.4078125 0.16328125 0.1515625
0 0.3359375 0.36796875 0.15625 0.15859375
0 0.48046875 0.2859375 0.17109375 0.15390625
0 0.42265625 0.4640625 0.1171875 0.16328125
0 0.69921875 0.3109375 0.17578125 0.15625
0 0.51484375 0.46171875 0.1734375 0.16796875
0 0.61484375 0.41796875 0.16171875 0.14453125
0 0.9078125 0.48203125 0.17578125 0.165625
0 0.74453125 0.5140625 0.165625 0.15859375
0 0.58203125 0.56015625 0.178125 0.16328125
0 0.4515625 0.6546875 0.184375 0.17578125
0 0.3140625 0.56875 0.1796875 0.165625
0 0.13515625 0.60078125 0.18203125 0.1734375
0 0.7828125 0.65859375 0.18046875 0.1734375
0 0.675 0.771875 0.1859375 0.178125
0 0.5171875 0.8453125 0.18671875 0.18046875