0 0.13984375 0.27890625 0.17265625 0.10546875
0 0.19765625 0.19453125 0.1734375 0.14921875
0 0.47734375 0.271875 0.17734375 0.10390625
0 0.53515625 0.18671875 0.17421875 0.14921875
0 0.76484375 0.2453125 0.140625 0.128125
0 0.90625 0.2296875 0.15234375 0.14921875
0 0.12890625 0.5734375 0.17265625 0.10234375
0 0.2234375 0.49296875 0.1765625 0.15546875
0 0.4984375 0.5 0.16640625 0.15703125
0 0.490625 0.58515625 0.17890625 0.10234375
0 0.8328125 0.5796875 0.203125 0.10703125
0 0.8328125 0.49921875 0.1421875 0.14609375
0 0.1765625 0.790625 0.1953125 0.16171875
0 0.17265625 0.915625 0.19375 0.08828125
0 0.47890625 0.7640625 0.18046875 0.10234375
0 0.5125 0.84609375 0.21015625 0.1765625
0 0.821875 0.83828125 0.17421875 0.14453125
0 0.88203125 0.83828125 0.18984375 0.16015625