0 0.4046875 0.91484375 0.14375 0.165625
0 0.64375 0.9046875 0.1609375 0.18515625
0 0.47890625 0.678125 0.17265625 0.196875
0 0.1859375 0.803125 0.2015625 0.27421875
0 0.128125 0.64296875 0.215625 0.271875
0 0.15 0.47578125 0.24453125 0.29296875
0 0.2671875 0.39453125 0.24453125 0.2984375
0 0.409375 0.3265625 0.23046875 0.26953125
0 0.85625 0.78359375 0.196875 0.259375
0 0.58984375 0.37109375 0.20703125 0.271875
0 0.76171875 0.4640625 0.24296875 0.27890625
0 0.86328125 0.603125 0.2265625 0.259375