0 0.18828125 0.75390625 0.05 0.0546875
0 0.1265625 0.68515625 0.13515625 0.14765625
0 0.5015625 0.82578125 0.07890625 0.12734375
0 0.56953125 0.88515625 0.05390625 0.0875
0 0.14453125 0.53515625 0.04140625 0.05703125
0 0.20859375 0.559375 0.065625 0.07578125
0 0.2 0.48671875 0.07890625 0.084375
0 0.08125 0.5015625 0.0515625 0.07578125
0 0.46171875 0.7359375 0.04921875 0.07734375
0 0.3125 0.55703125 0.090625 0.1359375
0 0.30234375 0.65234375 0.0578125 0.0859375
0 0.85546875 0.75234375 0.06484375 0.10625
0 0.93984375 0.75859375 0.103125 0.18203125
0 0.51484375 0.57265625 0.0734375 0.09765625
0 0.53046875 0.66953125 0.0671875 0.11640625
0 0.5703125 0.7375 0.07265625 0.125
0 0.6703125 0.74296875 0.08984375 0.125
0 0.6640625 0.5515625 0.1109375 0.1375
0 0.590625 0.4453125 0.13203125 0.23515625
0 0.51640625 0.315625 0.121875 0.21640625
0 0.53359375 0.2796875 0.24140625 0.43984375
0 0.73671875 0.40234375 0.146875 0.16640625
0 0.81328125 0.60078125 0.0671875 0.05859375
0 0.8359375 0.59296875 0.21484375 0.20078125
0 0.3390625 0.29296875 0.0859375 0.1046875
0 0.38828125 0.38515625 0.04453125 0.053125
0 0.88515625 0.4046875 0.12578125 0.20078125