0 0.34296875 0.21640625 0.21796875 0.28359375
0 0.709375 0.3421875 0.11484375 0.15625
0 0.51640625 0.35546875 0.16171875 0.2015625
0 0.190625 0.52734375 0.178125 0.2234375
0 0.45625 0.49765625 0.0546875 0.0765625
0 0.35625 0.5765625 0.19765625 0.27421875
0 0.43203125 0.7453125 0.0703125 0.09140625
0 0.34296875 0.81953125 0.0453125 0.0578125
0 0.32734375 0.59609375 0.36015625 0.47578125
0 0.6375 0.56484375 0.24453125 0.33203125
0 0.81875 0.63125 0.1375 0.18046875
0 0.54375 0.84609375 0.20703125 0.28359375
0 0.75078125 0.83515625 0.11484375 0.1609375
0 0.74453125 0.8390625 0.2046875 0.27421875