0 0.2734375 0.3125 0.103125 0.10078125
0 0.18359375 0.8546875 0.125 0.13671875
0 0.0546875 0.890625 0.109375 0.13671875
0 0.1125 0.50234375 0.12265625 0.14921875
0 0.21015625 0.40390625 0.09140625 0.09609375
0 0.34453125 0.64765625 0.10078125 0.12265625
0 0.846875 0.55546875 0.11015625 0.14921875
0 0.8359375 0.7953125 0.128125 0.16796875
0 0.965625 0.509375 0.06875 0.1828125
0 0.5546875 0.32421875 0.09921875 0.10546875
0 0.46015625 0.2609375 0.09609375 0.1703125
0 0.79296875 0.24375 0.11328125 0.13671875
0 0.746875 0.61796875 0.103125 0.1203125