0 0.57734375 0.6859375 0.153125 0.165625
0 0.78671875 0.7453125 0.21171875 0.15859375
0 0.7359375 0.5953125 0.18203125 0.18515625
0 0.83203125 0.54296875 0.178125 0.196875
0 0.94921875 0.6640625 0.1015625 0.13125
0 0.1625 0.66796875 0.325 0.34140625
0 0.153125 0.36328125 0.30625 0.33671875
0 0.50078125 0.5453125 0.26875 0.27890625
0 0.24609375 0.38671875 0.45234375 0.446875
0 0.44296875 0.25 0.490625 0.490625
0 0.765625 0.25859375 0.46875 0.5171875
0 0.18359375 0.915625 0.32734375 0.16328125
0 0.58125 0.8453125 0.13671875 0.1609375