0 0.0875 0.24375 0.125 0.2671875
0 0.22421875 0.24140625 0.13984375 0.26171875
0 0.4359375 0.24765625 0.12421875 0.2453125
0 0.56796875 0.25859375 0.13046875 0.23828125
0 0.77578125 0.25703125 0.13203125 0.25
0 0.9078125 0.24140625 0.15234375 0.12265625
0 0.21328125 0.74375 0.12734375 0.24765625
0 0.0921875 0.821875 0.1296875 0.134375
0 0.50078125 0.7359375 0.11015625 0.196875
0 0.50546875 0.86328125 0.115625 0.09140625
0 0.80703125 0.79296875 0.13671875 0.178125
0 0.925 0.75703125 0.1375 0.196875