2 0.196875 0.24453125 0.14140625 0.22890625
2 0.48203125 0.25078125 0.13984375 0.21171875
2 0.21328125 0.50625 0.046875 0.09296875
2 0.27109375 0.56875 0.15 0.14609375
2 0.4828125 0.51171875 0.06640625 0.18046875
2 0.5421875 0.60078125 0.12109375 0.09609375
2 0.4625 0.7578125 0.10546875 0.05703125
2 0.46953125 0.85625 0.11796875 0.1703125
2 0.221875 0.8875 0.03203125 0.04609375
2 0.22890625 0.8234375 0.10234375 0.20859375
2 0.71875 0.8140625 0.08125 0.14140625
2 0.7203125 0.4734375 0.059375 0.07890625
2 0.7734375 0.56171875 0.1453125 0.15
2 0.73515625 0.24765625 0.040625 0.21015625
2 0.7671875 0.24921875 0.0640625 0.209375