1 0.35703125 0.29140625 0.128125 0.3453125
1 0.27109375 0.4890625 0.15234375 0.0890625
1 0.27265625 0.61796875 0.1078125 0.071875
1 0.34765625 0.7234375 0.103125 0.159375
1 0.42265625 0.79296875 0.05859375 0.14765625
1 0.5296875 0.796875 0.08515625 0.16171875
1 0.6390625 0.83671875 0.07890625 0.23203125
3 0.5609375 0.5546875 0.0765625 0.09921875
3 0.63515625 0.575 0.07734375 0.09921875
1 0.7953125 0.71484375 0.140625 0.121875
1 0.865625 0.4734375 0.215625 0.26953125
1 0.71953125 0.3296875 0.1265625 0.27109375
1 0.5953125 0.28359375 0.11796875 0.2640625
1 0.46875 0.21640625 0.1359375 0.39140625