3 0.675 0.25859375 0.06171875 0.07734375
3 0.87578125 0.3609375 0.0578125 0.0828125
3 0.94921875 0.35 0.09140625 0.11328125
3 0.88125 0.4765625 0.06484375 0.08046875
3 0.953125 0.46875 0.09296875 0.11640625
1 0.2328125 0.80546875 0.0875 0.3265625
1 0.32265625 0.80546875 0.09140625 0.2953125
1 0.41875 0.8671875 0.09140625 0.16171875
1 0.54375 0.859375 0.0703125 0.18046875
1 0.6984375 0.775 0.06640625 0.2765625
1 0.8375 0.7625 0.0671875 0.37421875
1 0.9375 0.7578125 0.08515625 0.41015625
1 0.32578125 0.5328125 0.07734375 0.18203125
1 0.3828125 0.56015625 0.0484375 0.1640625
1 0.43515625 0.5171875 0.0625 0.2421875
1 0.49296875 0.5171875 0.0625 0.24140625
1 0.64140625 0.56875 0.09609375 0.17890625
1 0.53046875 0.47109375 0.06953125 0.3328125
1 0.5390625 0.2171875 0.0359375 0.22265625
1 0.5859375 0.20859375 0.040625 0.2234375