3 0.11796875 0.4953125 0.17890625 0.18125
3 0.434375 0.1078125 0.153125 0.1421875
3 0.62265625 0.121875 0.1046875 0.1625
3 0.709375 0.14921875 0.0875 0.1390625
3 0.8484375 0.18671875 0.16875 0.1625
3 0.71796875 0.27578125 0.12890625 0.12578125
3 0.88125 0.334375 0.17578125 0.159375
3 0.725 0.4546875 0.12890625 0.14453125
3 0.88125 0.50078125 0.190625 0.1625
3 0.85859375 0.6 0.16328125 0.12421875
1 0.159375 0.26171875 0.203125 0.33828125
1 0.28984375 0.2265625 0.134375 0.39375
1 0.39140625 0.35234375 0.275 0.3828125
1 0.64140625 0.290625 0.3609375 0.32578125
1 0.6890625 0.5140625 0.31640625 0.4546875
1 0.4515625 0.525 0.35078125 0.39921875
1 0.4828125 0.7171875 0.30625 0.51796875