3 0.24140625 0.7203125 0.090625 0.121875
3 0.21328125 0.8890625 0.078125 0.1078125
3 0.28515625 0.828125 0.1171875 0.1515625
3 0.39921875 0.8890625 0.16953125 0.21953125
3 0.3953125 0.703125 0.2046875 0.234375
1 0.04375 0.27734375 0.0875 0.3640625
1 0.18671875 0.33359375 0.14765625 0.603125
1 0.271875 0.50703125 0.1125 0.30546875
1 0.4375 0.50546875 0.08359375 0.2
1 0.37109375 0.1953125 0.184375 0.3859375
1 0.5765625 0.325 0.18671875 0.64921875
1 0.721875 0.34453125 0.1078125 0.44921875
1 0.8078125 0.43203125 0.08046875 0.303125
1 0.92578125 0.375 0.1484375 0.38828125