1 0.3453125 0.58515625 0.21484375 0.3015625
1 0.353125 0.2078125 0.16796875 0.39609375
1 0.5328125 0.1625 0.2328125 0.2578125
1 0.53515625 0.35859375 0.13125 0.43203125
1 0.421875 0.5328125 0.11953125 0.4421875
1 0.44765625 0.4875 0.228125 0.21953125
1 0.590625 0.80859375 0.23515625 0.221875
1 0.57421875 0.68359375 0.23828125 0.2375
1 0.671875 0.62578125 0.2375 0.21953125
1 0.67109375 0.4984375 0.2015625 0.29609375
1 0.68671875 0.3578125 0.1 0.44453125
3 0.7421875 0.33984375 0.08046875 0.16875
3 0.74609375 0.4734375 0.09921875 0.09921875
3 0.83828125 0.40078125 0.10546875 0.12734375
3 0.82578125 0.26171875 0.096875 0.17109375
3 0.8578125 0.24609375 0.09375 0.15546875
3 0.92109375 0.36875 0.10546875 0.18125
3 0.79921875 0.60703125 0.090625 0.17109375
3 0.8859375 0.55703125 0.0953125 0.1734375
3 0.90625 0.71484375 0.0890625 0.1734375
3 0.73203125 0.83046875 0.08828125 0.18359375