3 0.49453125 0.4546875 0.22734375 0.40390625
3 0.59453125 0.70078125 0.08203125 0.09921875
3 0.56796875 0.85546875 0.20703125 0.2890625
3 0.28671875 0.66328125 0.16015625 0.27890625
3 0.21328125 0.86640625 0.14375 0.26328125
3 0.05546875 0.67109375 0.1015625 0.20078125
3 0.06796875 0.82578125 0.0921875 0.17734375
3 0.928125 0.8078125 0.14375 0.35390625
3 0.72265625 0.1078125 0.1828125 0.215625
1 0.83359375 0.25390625 0.3328125 0.5078125
1 0.37734375 0.290625 0.50859375 0.37265625
1 0.15390625 0.63671875 0.13984375 0.41953125
1 0.28203125 0.9140625 0.1234375 0.171875
1 0.41796875 0.87734375 0.1015625 0.24453125
1 0.78984375 0.9203125 0.16953125 0.15859375