3 0.0515625 0.19296875 0.103125 0.1671875
3 0.1421875 0.47421875 0.14453125 0.2140625
3 0.38203125 0.34765625 0.13359375 0.20859375
3 0.0921875 0.77578125 0.14453125 0.225
3 0.378125 0.72421875 0.14765625 0.20625
3 0.46953125 0.86796875 0.14921875 0.2140625
3 0.34453125 0.53671875 0.07734375 0.21640625
3 0.571875 0.54140625 0.13671875 0.21640625
3 0.78984375 0.50234375 0.14375 0.20625
3 0.921875 0.375 0.13203125 0.20625
3 0.93359375 0.12578125 0.1328125 0.1984375
3 0.81640625 0.03671875 0.1203125 0.0734375
1 0.25546875 0.87109375 0.1546875 0.2578125
1 0.69375 0.74140625 0.31484375 0.25625
1 0.83984375 0.8046875 0.15 0.378125
1 0.7109375 0.29609375 0.24140625 0.34375
3 0.6359375 0.18515625 0.134375 0.190625
1 0.50703125 0.27890625 0.165625 0.53671875
1 0.2921875 0.1125 0.3484375 0.225
1 0.23203125 0.22578125 0.14140625 0.3671875