1 0.18359375 0.53359375 0.11484375 0.9328125
1 0.26328125 0.49296875 0.08515625 0.675
1 0.31875 0.36171875 0.1 0.3609375
1 0.33671875 0.7703125 0.08828125 0.23828125
1 0.44453125 0.8015625 0.08828125 0.3421875
1 0.58828125 0.77578125 0.09609375 0.190625
1 0.709375 0.7875 0.08984375 0.25546875
1 0.4296875 0.3890625 0.10390625 0.41953125
1 0.5890625 0.38359375 0.12734375 0.4453125
1 0.734375 0.3765625 0.11875 0.41953125
1 0.86796875 0.40625 0.1140625 0.42734375
1 0.81328125 0.6859375 0.1015625 0.4625
1 0.89296875 0.7578125 0.08359375 0.240625