3 0.1578125 0.7453125 0.11953125 0.19375
3 0.32265625 0.64296875 0.121875 0.18203125
3 0.3703125 0.5609375 0.05 0.078125
3 0.515625 0.4203125 0.06953125 0.084375
3 0.50234375 0.5203125 0.10859375 0.14765625
3 0.559375 0.73828125 0.071875 0.115625
3 0.671875 0.578125 0.09921875 0.16015625
3 0.7 0.459375 0.103125 0.15
3 0.37265625 0.2046875 0.0375 0.11796875
3 0.45859375 0.103125 0.1453125 0.20234375
3 0.22578125 0.51328125 0.0921875 0.134375
3 0.3171875 0.06015625 0.06171875 0.1078125
1 0.24609375 0.15234375 0.15703125 0.2359375
1 0.12109375 0.38671875 0.14375 0.11796875
1 0.1765625 0.55390625 0.13046875 0.23203125
1 0.5171875 0.665625 0.078125 0.24765625
1 0.77578125 0.43515625 0.178125 0.34609375
1 0.6015625 0.3421875 0.09296875 0.24375
1 0.453125 0.2390625 0.1328125 0.11796875
1 0.5953125 0.06875 0.065625 0.1375