3 0.1359375 0.78203125 0.08125 0.09921875
3 0.7796875 0.53046875 0.2015625 0.265625
3 0.8453125 0.72265625 0.10390625 0.1390625
3 0.3453125 0.70546875 0.04765625 0.06484375
3 0.4140625 0.64921875 0.04609375 0.06484375
3 0.48203125 0.6703125 0.04609375 0.06640625
3 0.36171875 0.76484375 0.03359375 0.03515625
3 0.378125 0.81015625 0.03515625 0.03828125
3 0.33671875 0.8078125 0.0328125 0.0390625
1 0.30546875 0.83359375 0.12890625 0.13203125
1 0.2546875 0.6296875 0.0375 0.11875
1 0.14921875 0.54609375 0.08046875 0.3609375
1 0.48984375 0.3015625 0.08984375 0.56171875
1 0.63984375 0.64296875 0.0875 0.23203125
1 0.60703125 0.40546875 0.13515625 0.53203125