3 0.33984375 0.69609375 0.109375 0.16328125
3 0.075 0.52109375 0.14921875 0.309375
3 0.55234375 0.8125 0.078125 0.11796875
3 0.68671875 0.7546875 0.1203125 0.18125
3 0.72109375 0.3328125 0.0921875 0.12734375
3 0.96953125 0.5375 0.06015625 0.18515625
3 0.296875 0.1671875 0.18125 0.259375
3 0.6796875 0.48046875 0.08984375 0.09140625
1 0.234375 0.740625 0.1390625 0.20546875
1 0.475 0.6390625 0.15234375 0.20546875
1 0.5453125 0.5828125 0.18046875 0.396875
1 0.78828125 0.73359375 0.14765625 0.246875
1 0.88984375 0.65 0.1125 0.26328125
1 0.765625 0.15234375 0.1046875 0.2609375
1 0.13515625 0.1671875 0.121875 0.25546875
1 0.06328125 0.2953125 0.1234375 0.19921875
1 0.3109375 0.509375 0.24296875 0.2890625
3 0.62578125 0.41796875 0.0921875 0.1375
1 0.50859375 0.33359375 0.17578125 0.25703125
1 0.77421875 0.5203125 0.1859375 0.32265625
1 0.86484375 0.28515625 0.1953125 0.1953125
1 0.65390625 0.15 0.121875 0.3