3 0.20390625 0.5265625 0.0671875 0.1296875
3 0.259375 0.6234375 0.07109375 0.13671875
3 0.309375 0.72890625 0.07734375 0.1484375
3 0.37109375 0.85234375 0.0859375 0.16328125
3 0.77109375 0.3515625 0.09609375 0.12578125
3 0.68125 0.25625 0.084375 0.1109375
3 0.60625 0.17890625 0.0859375 0.10703125
3 0.534375 0.1203125 0.07734375 0.09765625
1 0.30625 0.48125 0.26875 0.20859375
1 0.36328125 0.571875 0.27421875 0.225
1 0.41953125 0.6734375 0.29375 0.26640625
1 0.484375 0.7890625 0.30625 0.29453125
1 0.528125 0.26640625 0.07734375 0.38671875
1 0.59921875 0.33046875 0.08046875 0.4015625
1 0.671875 0.41640625 0.0828125 0.41640625
1 0.75 0.5203125 0.09296875 0.44453125