3 0.0671875 0.5671875 0.134375 0.33828125
3 0.56796875 0.8796875 0.078125 0.134375
3 0.70859375 0.81796875 0.11328125 0.1921875
3 0.74296875 0.36328125 0.09453125 0.14375
3 0.67578125 0.3828125 0.046875 0.13203125
3 0.64296875 0.43984375 0.08359375 0.125
3 0.703125 0.52109375 0.0921875 0.10625
3 0.2984375 0.1703125 0.1859375 0.27109375
3 0.34609375 0.75546875 0.109375 0.178125
3 0.984375 0.58203125 0.03125 0.196875
1 0.06328125 0.31015625 0.1265625 0.21796875
1 0.1359375 0.178125 0.1140625 0.28203125
1 0.240625 0.80234375 0.14375 0.21953125
1 0.4890625 0.690625 0.15546875 0.2109375
1 0.56796875 0.64140625 0.175 0.42109375
1 0.81171875 0.8 0.1515625 0.27109375
1 0.915625 0.70625 0.11015625 0.28671875
1 0.67734375 0.1640625 0.1203125 0.328125
1 0.5234375 0.353125 0.17265625 0.24765625
1 0.8859375 0.321875 0.19609375 0.19921875
1 0.85 0.45 0.14609375 0.15078125
1 0.959375 0.43828125 0.08125 0.16875
1 0.70703125 0.634375 0.15625 0.2265625
1 0.7953125 0.565625 0.19453125 0.34453125
1 0.79375 0.15625 0.12109375 0.28046875
1 0.9015625 0.19296875 0.0890625 0.1875