3 0.1953125 0.715625 0.0796875 0.115625
3 0.2578125 0.3640625 0.0765625 0.11171875
3 0.51796875 0.215625 0.07421875 0.0875
3 0.50390625 0.51015625 0.07421875 0.08203125
3 0.296875 0.61171875 0.08046875 0.11796875
3 0.34921875 0.6921875 0.078125 0.125
3 0.38671875 0.6375 0.07109375 0.10859375
3 0.484375 0.7296875 0.08203125 0.11015625
3 0.496875 0.60234375 0.05078125 0.09921875
3 0.53515625 0.63046875 0.0875 0.11796875
3 0.55859375 0.58125 0.06640625 0.08984375
3 0.65546875 0.65859375 0.08125 0.11015625
3 0.6171875 0.55390625 0.07421875 0.09140625
3 0.6453125 0.496875 0.0765625 0.10078125
3 0.703125 0.53359375 0.07734375 0.11015625
3 0.7890625 0.39140625 0.08359375 0.10625
3 0.76875 0.47890625 0.0703125 0.09921875
3 0.75546875 0.6015625 0.08359375 0.115625
1 0.3875 0.378125 0.10859375 0.1921875
1 0.4515625 0.3625 0.10859375 0.1609375
1 0.52734375 0.128125 0.14140625 0.125
1 0.4421875 0.7859375 0.10703125 0.21953125
1 0.58359375 0.6546875 0.11484375 0.21171875
3 0.5 0.45546875 0.07265625 0.04609375
3 0.5859375 0.259375 0.071875 0.08671875
1 0.5140625 0.33125 0.07578125 0.17578125
1 0.428125 0.48359375 0.084375 0.21484375
1 0.57265625 0.415625 0.075 0.23515625
1 0.6078125 0.346875 0.0984375 0.20625
1 0.71875 0.27734375 0.11484375 0.1828125
1 0.703125 0.41640625 0.12421875 0.1859375
1 0.70859375 0.340625 0.0875 0.15234375
1 0.62265625 0.22734375 0.084375 0.1890625