0 0.259375 0.70546875 0.1453125 0.17734375
0 0.12890625 0.7625 0.19375 0.19765625
0 0.20703125 0.61171875 0.1453125 0.1734375
0 0.46171875 0.66796875 0.1484375 0.146875
0 0.55546875 0.59375 0.1859375 0.17734375
0 0.5203125 0.72890625 0.1921875 0.19765625
0 0.725 0.7140625 0.19140625 0.18828125
0 0.865625 0.61171875 0.10625 0.19296875
0 0.7890625 0.58828125 0.1890625 0.175
0 0.7890625 0.47109375 0.14453125 0.20234375
0 0.23984375 0.48125 0.1390625 0.18515625
0 0.359375 0.703125 0.12578125 0.09921875
0 0.359375 0.58203125 0.1859375 0.17890625
0 0.3578125 0.471875 0.14296875 0.20703125
0 0.6640625 0.5 0.11484375 0.25
0 0.5296875 0.4671875 0.17578125 0.15625
0 0.459375 0.434375 0.1046875 0.1515625
0 0.57421875 0.4296875 0.1234375 0.18046875
0 0.44765625 0.28125 0.23203125 0.253125