0 0.84453125 0.20703125 0.1890625 0.24765625
0 0.8828125 0.36640625 0.1671875 0.2046875
0 0.86875 0.46484375 0.2078125 0.271875
0 0.7953125 0.6203125 0.21484375 0.284375
0 0.72890625 0.30078125 0.1265625 0.29609375
0 0.6265625 0.15703125 0.18984375 0.225
0 0.58046875 0.28515625 0.20390625 0.21796875
0 0.62109375 0.43046875 0.2140625 0.22890625
0 0.48203125 0.1765625 0.1453125 0.23828125
0 0.25 0.2359375 0.2015625 0.26015625
0 0.35546875 0.3109375 0.16328125 0.215625
0 0.196875 0.39453125 0.17421875 0.25703125
0 0.37734375 0.421875 0.21484375 0.271875
0 0.26953125 0.609375 0.16640625 0.22890625
0 0.11796875 0.66953125 0.2171875 0.29375
0 0.53125 0.63359375 0.32109375 0.45546875