2 0.2421875 0.44453125 0.484375 0.43828125
2 0.69765625 0.58359375 0.0765625 0.13984375
2 0.5703125 0.43671875 0.26171875 0.209375
3 0.04140625 0.75 0.02109375 0.0328125
3 0.0671875 0.828125 0.0203125 0.0328125
3 0.11015625 0.88671875 0.0203125 0.03203125
3 0.1640625 0.91640625 0.0203125 0.0328125
3 0.22109375 0.9140625 0.0203125 0.03125
3 0.271875 0.88125 0.0203125 0.034375
3 0.31015625 0.81953125 0.021875 0.03671875
3 0.33125 0.73984375 0.02109375 0.034375
3 0.715625 0.80625 0.01953125 0.034375