2 0.125 0.21328125 0.12734375 0.171875
2 0.24609375 0.259375 0.12421875 0.19453125
2 0.3234375 0.13671875 0.1234375 0.16015625
2 0.446875 0.0984375 0.13125 0.17890625
2 0.15625 0.38046875 0.1125 0.18203125
2 0.2625 0.44453125 0.1296875 0.2015625
2 0.34609375 0.3234375 0.12421875 0.2
2 0.07109375 0.52109375 0.125 0.1515625
2 0.1828125 0.56796875 0.125 0.18203125
2 0.45625 0.2828125 0.1203125 0.1875
2 0.58828125 0.30234375 0.109375 0.19453125
2 0.53046875 0.40546875 0.10859375 0.18046875
2 0.41875 0.42265625 0.13203125 0.190625
2 0.34375 0.56015625 0.12734375 0.190625
2 0.4609375 0.5640625 0.11953125 0.16171875
2 0.265625 0.684375 0.1296875 0.184375
2 0.578125 0.60859375 0.1328125 0.184375
2 0.3921875 0.709375 0.12734375 0.16875