2 0.23515625 0.17890625 0.13203125 0.19921875
2 0.36015625 0.2078125 0.13203125 0.19140625
2 0.471875 0.2625 0.13359375 0.19140625
2 0.2765625 0.33671875 0.128125 0.18671875
2 0.39453125 0.384375 0.12890625 0.18671875
2 0.303125 0.50234375 0.13359375 0.1890625
2 0.74296875 0.43984375 0.1375 0.19375
2 0.65234375 0.54921875 0.1328125 0.1890625
2 0.7734375 0.59921875 0.13125 0.18203125
2 0.5796875 0.68046875 0.1296875 0.190625
2 0.69609375 0.72890625 0.1296875 0.190625
2 0.81640625 0.7640625 0.12734375 0.1859375