2 0.0875 0.4515625 0.16328125 0.22578125
2 0.2203125 0.26171875 0.26171875 0.28359375
2 0.46796875 0.1703125 0.12734375 0.2640625
2 0.9546875 0.39453125 0.090625 0.16328125
2 0.71484375 0.38828125 0.403125 0.31015625
2 0.05 0.709375 0.09921875 0.2546875
2 0.14140625 0.91328125 0.18515625 0.1734375
2 0.3375 0.65625 0.46640625 0.4234375
2 0.934375 0.56875 0.13125 0.23828125
2 0.853125 0.6390625 0.18046875 0.240625
2 0.69296875 0.6390625 0.28828125 0.3125
2 0.58984375 0.8484375 0.26953125 0.27890625
2 0.43671875 0.9015625 0.2515625 0.196875