2 0.91796875 0.09140625 0.16328125 0.1796875
2 0.9109375 0.2265625 0.0765625 0.07578125
2 0.76796875 0.27421875 0.225 0.24609375
2 0.8328125 0.42421875 0.0671875 0.06875
2 0.5046875 0.3234375 0.30078125 0.32578125
2 0.34609375 0.56953125 0.24375 0.26640625
2 0.5296875 0.5578125 0.11875 0.1203125
2 0.259375 0.721875 0.06328125 0.06484375
2 0.19765625 0.903125 0.17890625 0.19375
2 0.36171875 0.80546875 0.18359375 0.19765625
2 0.50546875 0.71484375 0.1515625 0.16484375
2 0.70859375 0.51796875 0.23359375 0.2515625
2 0.66953125 0.73046875 0.16640625 0.17734375