2 0.3578125 0.11640625 0.13359375 0.2328125
2 0.26015625 0.2890625 0.17890625 0.334375
2 0.51484375 0.05703125 0.1484375 0.1140625
2 0.63671875 0.09609375 0.1078125 0.1921875
2 0.27734375 0.05546875 0.0609375 0.1109375
2 0.19296875 0.57578125 0.221875 0.4125
2 0.14375 0.36328125 0.0828125 0.1125
2 0.10078125 0.69453125 0.2015625 0.2765625
2 0.51640625 0.1828125 0.125 0.1515625
2 0.596875 0.25078125 0.1390625 0.27890625
2 0.4859375 0.36796875 0.16015625 0.2
2 0.60546875 0.54296875 0.15546875 0.38671875
2 0.47734375 0.63828125 0.24375 0.2921875
2 0.7671875 0.0765625 0.14921875 0.1390625
2 0.88125 0.07578125 0.13671875 0.1515625
2 0.77421875 0.21875 0.17890625 0.1609375
2 0.92421875 0.26171875 0.146875 0.27578125
2 0.79765625 0.4 0.22890625 0.2203125
2 0.9484375 0.53515625 0.103125 0.38203125
2 0.83984375 0.653125 0.284375 0.303125