2 0.16640625 0.5453125 0.196875 0.240625
2 0.72265625 0.35625 0.21796875 0.27265625
2 0.265625 0.1625 0.16953125 0.2109375
2 0.27890625 0.31484375 0.15390625 0.11484375
2 0.40625 0.63671875 0.18359375 0.246875
2 0.40390625 0.78359375 0.16484375 0.11171875
2 0.284375 0.3984375 0.14921875 0.103125
2 0.29140625 0.4828125 0.1328125 0.09609375
2 0.4265625 0.1734375 0.1609375 0.21328125
2 0.4203125 0.3109375 0.153125 0.1234375
2 0.66796875 0.49765625 0.24375 0.34375
2 0.496875 0.54765625 0.109375 0.28828125
2 0.59609375 0.6671875 0.16484375 0.21484375
2 0.5765625 0.78984375 0.14609375 0.11640625
2 0.76015625 0.6734375 0.18046875 0.21640625
2 0.72265625 0.7796875 0.1390625 0.1234375
2 0.4203125 0.4109375 0.125 0.1015625
2 0.40546875 0.4921875 0.09609375 0.0875
2 0.1765625 0.75625 0.221875 0.28359375