2 0.82890625 0.18359375 0.10703125 0.1078125
2 0.53828125 0.2046875 0.09765625 0.09765625
2 0.2578125 0.303125 0.11015625 0.10859375
2 0.10390625 0.4953125 0.084375 0.0890625
2 0.28671875 0.69453125 0.16796875 0.1671875
2 0.41328125 0.703125 0.10234375 0.09453125
2 0.50390625 0.77578125 0.08828125 0.06328125
2 0.78359375 0.7703125 0.08984375 0.09609375
2 0.25078125 0.48203125 0.209375 0.26015625
2 0.6765625 0.32421875 0.26640625 0.26171875
2 0.80546875 0.48984375 0.16015625 0.17109375
2 0.646875 0.65625 0.21484375 0.19765625