2 0.23125 0.303125 0.08359375 0.11875
2 0.47578125 0.165625 0.10625 0.14921875
2 0.690625 0.278125 0.08515625 0.11640625
2 0.3953125 0.390625 0.06171875 0.1015625
2 0.5609375 0.4171875 0.090625 0.11640625
2 0.76171875 0.5546875 0.128125 0.17890625
2 0.24609375 0.659375 0.11328125 0.1375
2 0.5234375 0.75703125 0.0875 0.13046875
2 0.2390625 0.321875 0.18828125 0.2421875
2 0.4734375 0.18984375 0.23125 0.29375
2 0.6796875 0.29453125 0.18046875 0.221875
2 0.3953125 0.4078125 0.1609375 0.2078125
2 0.56484375 0.43203125 0.1875 0.2453125
2 0.75234375 0.56328125 0.26171875 0.33984375
2 0.25234375 0.66796875 0.28671875 0.37421875
2 0.51875 0.76171875 0.2890625 0.3859375