2 0.11640625 0.12578125 0.19765625 0.18828125
2 0.375 0.12578125 0.215625 0.20703125
2 0.878125 0.12578125 0.18984375 0.18828125
2 0.878125 0.36484375 0.2234375 0.2125
2 0.63125 0.3640625 0.2328125 0.22578125
2 0.37578125 0.36328125 0.2328125 0.2203125
2 0.11640625 0.3625 0.2125 0.19609375
2 0.11640625 0.6109375 0.21953125 0.20859375
2 0.3765625 0.61328125 0.23046875 0.22734375
2 0.6296875 0.609375 0.19765625 0.190625
2 0.8765625 0.61015625 0.2328125 0.221875
2 0.87890625 0.8625 0.1921875 0.190625
2 0.6296875 0.86171875 0.19375 0.18515625
2 0.11484375 0.86171875 0.2140625 0.203125
2 0.3640625 0.8640625 0.12578125 0.1203125