2 0.3109375 0.45 0.0609375 0.16640625
2 0.41171875 0.425 0.05625 0.1203125
2 0.45390625 0.43125 0.0375 0.11171875
2 0.6328125 0.4390625 0.0890625 0.11796875
2 0.5640625 0.45546875 0.05625 0.10234375
2 0.53671875 0.46640625 0.05390625 0.071875
2 0.42265625 0.52890625 0.07421875 0.11796875
2 0.38046875 0.68203125 0.10859375 0.3234375
2 0.525 0.5953125 0.10859375 0.19375
2 0.571875 0.596875 0.0828125 0.19765625
2 0.6578125 0.534375 0.07265625 0.09296875
2 0.8265625 0.62265625 0.17109375 0.26640625
2 0.58046875 0.79765625 0.1265625 0.21484375
2 0.75078125 0.6578125 0.1640625 0.2234375
2 0.70625 0.7125 0.1515625 0.24375
2 0.66875 0.934375 0.103125 0.12734375
2 0.6984375 0.91015625 0.10859375 0.17890625