2 0.50546875 0.5203125 0.078125 0.0734375
2 0.4921875 0.59140625 0.09140625 0.08203125
2 0.5875 0.571875 0.09296875 0.084375
2 0.70546875 0.57421875 0.08359375 0.078125
2 0.44296875 0.6421875 0.08671875 0.040625
2 0.5828125 0.65 0.08828125 0.08046875
2 0.6609375 0.646875 0.08828125 0.06015625
2 0.7296875 0.7046875 0.084375 0.078125
2 0.5125 0.684375 0.0890625 0.08515625
2 0.640625 0.6984375 0.084375 0.0796875
2 0.44765625 0.69375 0.06484375 0.071875
2 0.45 0.76328125 0.07890625 0.0765625
2 0.5265625 0.771875 0.090625 0.08984375
2 0.5875 0.78515625 0.0421875 0.09375
2 0.65 0.775 0.08828125 0.0890625
2 0.73515625 0.7796875 0.0859375 0.08515625
2 0.2109375 0.18984375 0.26953125 0.25
2 0.26015625 0.5109375 0.26796875 0.25703125