2 0.27109375 0.246875 0.0859375 0.10234375
2 0.32421875 0.28671875 0.0546875 0.0671875
2 0.68359375 0.27265625 0.071875 0.0734375
2 0.76484375 0.22734375 0.11484375 0.115625
2 0.8203125 0.409375 0.18046875 0.175
2 0.50703125 0.39375 0.09921875 0.09765625
2 0.42265625 0.28515625 0.1453125 0.16640625
2 0.575 0.27890625 0.1625 0.1765625
2 0.2453125 0.41171875 0.13828125 0.15078125
2 0.7578125 0.25703125 0.30546875 0.321875
2 0.3171875 0.27265625 0.2453125 0.27578125
2 0.5703125 0.47734375 0.06328125 0.06953125
2 0.8671875 0.4921875 0.07265625 0.05625
2 0.8046875 0.553125 0.11171875 0.11328125
2 0.75859375 0.6109375 0.1109375 0.09765625
2 0.69453125 0.67109375 0.09453125 0.1046875
2 0.41875 0.4703125 0.06015625 0.06875
2 0.48671875 0.55 0.16171875 0.171875
2 0.34375 0.5046875 0.14140625 0.15859375
2 0.253125 0.5265625 0.08046875 0.0890625
2 0.29921875 0.584375 0.08046875 0.08203125
2 0.34921875 0.64296875 0.0828125 0.0984375
2 0.43515625 0.69609375 0.06484375 0.06484375
2 0.4828125 0.665625 0.07109375 0.06953125
2 0.5296875 0.7046875 0.07109375 0.06953125
2 0.5078125 0.64453125 0.27734375 0.2765625
2 0.68359375 0.5140625 0.17421875 0.1734375
2 0.515625 0.7875 0.14296875 0.115625
2 0.11328125 0.80078125 0.14375 0.06015625
2 0.221875 0.7890625 0.059375 0.0375
2 0.21875 0.8546875 0.2921875 0.1078125
2 0.359375 0.890625 0.075 0.0796875
2 0.4234375 0.7984375 0.0578125 0.0578125
2 0.51328125 0.86875 0.0703125 0.04921875
2 0.41328125 0.86328125 0.1140625 0.071875
2 0.45 0.9015625 0.071875 0.053125
2 0.51328125 0.9359375 0.0828125 0.06640625
2 0.61328125 0.9140625 0.0671875 0.08046875
2 0.64609375 0.8234375 0.1921875 0.10546875
2 0.7734375 0.80234375 0.1125 0.1625
2 0.896875 0.86171875 0.10078125 0.0484375
2 0.83515625 0.87734375 0.07109375 0.05078125
2 0.72109375 0.92265625 0.15625 0.0921875
2 0.82421875 0.93359375 0.11484375 0.084375