2 0.1796875 0.05703125 0.2734375 0.11328125
2 0.115625 0.1234375 0.23046875 0.246875
2 0.271875 0.340625 0.40859375 0.44140625
2 0.609375 0.196875 0.69453125 0.39296875
2 0.653125 0.34921875 0.1859375 0.2078125
2 0.62109375 0.13046875 0.440625 0.2609375
2 0.9625 0.02734375 0.075 0.0546875
2 0.9828125 0.11484375 0.034375 0.1484375
2 0.9609375 0.44765625 0.07734375 0.2796875
1 0.575 0.04296875 0.0421875 0.0484375
3 0.58515625 0.54140625 0.02890625 0.0359375
3 0.39609375 0.7015625 0.03125 0.034375
3 0.246875 0.3609375 0.03046875 0.034375
3 0.765625 0.60390625 0.03515625 0.03671875
3 0.07109375 0.09453125 0.0328125 0.03515625
2 0.45234375 0.58828125 0.42890625 0.45859375