2 0.1671875 0.1375 0.0734375 0.08359375
2 0.25546875 0.14609375 0.0640625 0.0765625
2 0.3359375 0.134375 0.065625 0.08046875
2 0.1984375 0.23359375 0.078125 0.09921875
2 0.2875 0.2296875 0.07421875 0.08203125
2 0.48515625 0.1578125 0.0625 0.08515625
2 0.559375 0.16796875 0.07109375 0.08359375
2 0.6875 0.1828125 0.10859375 0.125
2 0.778125 0.16796875 0.06640625 0.0734375
2 0.81015625 0.24453125 0.046875 0.05625
2 0.7484375 0.26328125 0.0734375 0.07890625
2 0.82734375 0.35 0.07421875 0.09140625
2 0.39296875 0.2015625 0.10234375 0.13125
2 0.4796875 0.24140625 0.04453125 0.05625
2 0.1203125 0.3484375 0.125 0.15546875
2 0.2734375 0.3421875 0.09453125 0.1203125
2 0.4 0.34375 0.1203125 0.16484375
2 0.5453125 0.3140625 0.134375 0.1734375
2 0.6390625 0.26953125 0.071875 0.08671875
2 0.7109375 0.39375 0.16484375 0.19375
2 0.821875 0.4453125 0.053125 0.0671875
2 0.18984375 0.6265625 0.34921875 0.46484375
2 0.50625 0.62578125 0.32890625 0.43125
2 0.79765625 0.62890625 0.2515625 0.31875