2 0.14453125 0.0546875 0.03828125 0.04453125
2 0.4140625 0.0578125 0.04765625 0.0671875
2 0.16796875 0.1171875 0.06875 0.08671875
2 0.3640625 0.10625 0.0796875 0.1078125
2 0.29921875 0.1375 0.05078125 0.07578125
2 0.23046875 0.153125 0.078125 0.10703125
2 0.14921875 0.1875 0.046875 0.06796875
2 0.184375 0.21015625 0.04609375 0.06171875
2 0.12578125 0.29296875 0.12578125 0.1734375
2 0.1734375 0.384375 0.06015625 0.0890625
2 0.1515625 0.44609375 0.03828125 0.05234375
2 0.3578125 0.1890625 0.0859375 0.1078125
2 0.48828125 0.29375 0.05078125 0.07109375
2 0.409375 0.29765625 0.13359375 0.190625
2 0.26640625 0.30546875 0.1921875 0.284375
2 0.21796875 0.475 0.11328125 0.159375
2 0.3234375 0.45 0.09765625 0.13046875
2 0.284375 0.5125 0.065625 0.0875
2 0.51796875 0.49453125 0.0515625 0.06640625
2 0.36953125 0.53671875 0.07109375 0.10234375
2 0.17265625 0.6203125 0.134375 0.1890625
2 0.10234375 0.75078125 0.09921875 0.14140625
2 0.26484375 0.85703125 0.07109375 0.0921875
2 0.2765625 0.6921875 0.09375 0.1359375
2 0.3921875 0.83671875 0.0390625 0.05703125
2 0.353125 0.72265625 0.06015625 0.08125
2 0.48671875 0.8421875 0.07421875 0.103125
2 0.428125 0.7515625 0.10078125 0.13984375
2 0.49765625 0.61875 0.12890625 0.1765625
2 0.9328125 0.5828125 0.06015625 0.078125
2 0.88203125 0.628125 0.12890625 0.17890625
2 0.7140625 0.5421875 0.0859375 0.1203125
2 0.60234375 0.6921875 0.10234375 0.14453125
2 0.75859375 0.68046875 0.13515625 0.18046875
2 0.77578125 0.8109375 0.11015625 0.1484375
2 0.91953125 0.8265625 0.0546875 0.06640625