2 0.725 0.159375 0.08359375 0.09140625
2 0.6484375 0.1875 0.0890625 0.08984375
2 0.74921875 0.24609375 0.0734375 0.08125
2 0.68984375 0.2546875 0.0671875 0.09140625
2 0.82734375 0.34140625 0.0828125 0.084375
2 0.7453125 0.34609375 0.08359375 0.0609375
2 0.62109375 0.33984375 0.0859375 0.08515625
2 0.38984375 0.2640625 0.08828125 0.08828125
2 0.190625 0.31328125 0.0921875 0.09609375
2 0.3046875 0.390625 0.08828125 0.08828125
2 0.3546875 0.325 0.08828125 0.0890625
2 0.4578125 0.3296875 0.08203125 0.0875
2 0.6890625 0.409375 0.0765625 0.08515625
2 0.75390625 0.42734375 0.06953125 0.0859375
2 0.51796875 0.3609375 0.08359375 0.0921875
2 0.3953125 0.40703125 0.08671875 0.07421875
2 0.1890625 0.4765625 0.0890625 0.0890625
2 0.27578125 0.4703125 0.08828125 0.09140625
2 0.415625 0.93671875 0.0890625 0.096875
2 0.2203125 0.775 0.0859375 0.09296875
2 0.1859375 0.5640625 0.09140625 0.0875
2 0.3984375 0.47578125 0.08515625 0.08828125
2 0.46875 0.55625 0.0765625 0.0875
2 0.325 0.56640625 0.08828125 0.09140625
2 0.4015625 0.603125 0.08828125 0.0859375
2 0.534375 0.434375 0.08046875 0.08515625
2 0.5203125 0.63671875 0.08515625 0.06484375
2 0.2484375 0.625 0.0921875 0.0921875
2 0.59921875 0.5625 0.084375 0.08515625
2 0.40625 0.8046875 0.078125 0.0890625
2 0.440625 0.75859375 0.05234375 0.0734375
2 0.284375 0.74296875 0.07421875 0.09296875
2 0.5875 0.446875 0.06640625 0.0859375
2 0.7578125 0.59765625 0.07109375 0.08046875
2 0.7921875 0.5078125 0.06875 0.084375
2 0.6796875 0.52421875 0.05546875 0.0890625
2 0.621875 0.50625 0.06484375 0.08515625
2 0.68984375 0.65625 0.0671875 0.0859375
2 0.5875 0.67578125 0.08203125 0.084375
2 0.61328125 0.77109375 0.078125 0.0828125
2 0.51640625 0.7984375 0.08671875 0.0703125