1 0.34609375 0.978125 0.06015625 0.04375
1 0.15234375 0.89375 0.05 0.0734375
1 0.4015625 0.89609375 0.04609375 0.065625
1 0.40390625 0.14453125 0.040625 0.05859375
1 0.60078125 0.1421875 0.0421875 0.05859375
1 0.60546875 0.73125 0.053125 0.07578125
1 0.8875 0.74296875 0.0421875 0.06328125
1 0.8359375 0.9015625 0.04609375 0.06171875
1 0.1125 0.7296875 0.0515625 0.071875
1 0.39609375 0.7328125 0.06015625 0.07890625
0 0.4984375 0.125 0.11328125 0.103125
2 0.2453125 0.49453125 0.4546875 0.5046875
2 0.759375 0.5015625 0.44609375 0.51484375
2 0.50703125 0.45078125 0.08984375 0.19921875