2 0.3203125 0.04375 0.08828125 0.08671875
2 0.909375 0.18984375 0.115625 0.1421875
2 0.80078125 0.128125 0.11796875 0.15
2 0.9703125 0.11484375 0.05078125 0.08515625
2 0.5328125 0.190625 0.13515625 0.1671875
2 0.484375 0.11015625 0.15234375 0.2203125
2 0.66953125 0.08046875 0.08203125 0.06875
2 0.753125 0.3390625 0.11875 0.14921875
2 0.49375 0.3390625 0.1015625 0.13671875
2 0.72890625 0.24140625 0.10625 0.1078125
2 0.9875 0.0546875 0.025 0.053125
2 0.634375 0.34453125 0.15078125 0.2234375
2 0.9390625 0.53828125 0.121875 0.14609375
2 0.58125 0.7203125 0.1015625 0.14921875
2 0.44296875 0.73515625 0.08671875 0.11953125
2 0.4453125 0.53046875 0.19375 0.2765625
2 0.896875 0.91640625 0.20546875 0.1671875
2 0.98046875 0.7921875 0.0390625 0.13125
2 0.79296875 0.68203125 0.32734375 0.4703125
2 0.62421875 0.81484375 0.09140625 0.13984375
2 0.7015625 0.915625 0.171875 0.15625
2 0.54609375 0.93046875 0.1109375 0.13828125
2 0.42890625 0.88203125 0.07421875 0.090625
2 0.17578125 0.95546875 0.08203125 0.0890625
2 0.159375 0.86875 0.1125 0.15
2 0.27734375 0.946875 0.24765625 0.10546875
2 0.36015625 0.87109375 0.05546875 0.0671875
2 0.3 0.79140625 0.065625 0.07734375
2 0.0265625 0.7984375 0.053125 0.1296875
2 0.02265625 0.5328125 0.0453125 0.12734375
2 0.2625 0.63984375 0.15859375 0.221875
2 0.234375 0.71796875 0.1 0.128125
2 0.2390625 0.5296875 0.10078125 0.07109375
2 0.08359375 0.22890625 0.1671875 0.2609375
2 0.16328125 0.4171875 0.090625 0.12421875
2 0.25625 0.3421875 0.16015625 0.23203125
2 0.21328125 0.11015625 0.125 0.1625
2 0.1375 0.0875 0.06640625 0.0484375