2 0.3015625 0.83515625 0.16953125 0.2078125
2 0.4484375 0.88671875 0.0515625 0.0703125
2 0.53046875 0.88203125 0.10859375 0.13203125
2 0.53125 0.6078125 0.25 0.315625
2 0.253125 0.21171875 0.1203125 0.153125
2 0.13125 0.36328125 0.140625 0.1734375
2 0.2703125 0.634375 0.11328125 0.1359375
2 0.684375 0.71796875 0.0703125 0.09296875
2 0.59609375 0.76640625 0.14453125 0.1734375
2 0.76328125 0.6296875 0.0734375 0.09453125
2 0.8640625 0.1359375 0.075 0.09296875
2 0.73203125 0.12109375 0.14375 0.1875
2 0.665625 0.17109375 0.0734375 0.09453125
2 0.43515625 0.15 0.06171875 0.0703125
2 0.878125 0.3359375 0.1 0.1296875
2 0.246875 0.3515625 0.10546875 0.128125
2 0.321875 0.45703125 0.13359375 0.165625
2 0.35078125 0.2984375 0.14296875 0.16953125
2 0.21640625 0.48046875 0.1109375 0.14140625
2 0.66875 0.3671875 0.24375 0.3015625
2 0.428125 0.325 0.2234375 0.3375
2 0.66015625 0.17890625 0.20390625 0.26171875
2 0.10703125 0.2265625 0.08359375 0.103125
2 0.678125 0.6046875 0.078125 0.09765625