2 0.54921875 0.4046875 0.084375 0.08515625
2 0.64296875 0.25 0.05078125 0.0578125
2 0.51171875 0.25703125 0.2015625 0.20390625
2 0.33984375 0.35390625 0.2046875 0.1953125
2 0.23671875 0.51015625 0.1421875 0.14609375
2 0.40546875 0.72421875 0.10703125 0.1125
2 0.540625 0.7203125 0.14453125 0.14609375
2 0.57890625 0.49375 0.04765625 0.0546875
2 0.7203125 0.49921875 0.0765625 0.07890625
2 0.6484375 0.6015625 0.165625 0.16484375
2 0.4484375 0.54921875 0.2484375 0.2515625
2 0.84296875 0.50234375 0.15078125 0.14921875
2 0.6859375 0.3625 0.1984375 0.2015625