2 0.73515625 0.2875 0.25859375 0.2
2 0.87109375 0.49765625 0.2 0.15859375
2 0.55859375 0.44609375 0.2765625 0.2609375
2 0.81328125 0.47109375 0.30546875 0.2015625
2 0.9359375 0.31796875 0.0734375 0.16484375
2 0.6984375 0.33671875 0.46875 0.2984375
2 0.91953125 0.665625 0.096875 0.13359375
2 0.7390625 0.65390625 0.19609375 0.1078125
2 0.70859375 0.69453125 0.3625 0.1890625
2 0.8578125 0.8265625 0.1796875 0.1828125
2 0.6015625 0.77109375 0.20859375 0.228125
2 0.8265625 0.8328125 0.28671875 0.26796875