2 0.26953125 0.15234375 0.25 0.2765625
2 0.49140625 0.15 0.26015625 0.2859375
2 0.721875 0.1453125 0.2796875 0.290625
2 0.209375 0.809375 0.31015625 0.3484375
2 0.42265625 0.6375 0.10234375 0.09765625
2 0.28125 0.6328125 0.0875 0.0734375
2 0.559375 0.59921875 0.1046875 0.0828125
2 0.71640625 0.625 0.13125 0.13359375
2 0.88671875 0.615625 0.15859375 0.16328125
2 0.84609375 0.43359375 0.10390625 0.125
2 0.69609375 0.440625 0.10625 0.121875
2 0.553125 0.44765625 0.1234375 0.12890625
2 0.4171875 0.45703125 0.1078125 0.1203125
2 0.28203125 0.45234375 0.1234375 0.13203125
2 0.525 0.78671875 0.31796875 0.35