2 0.4203125 0.2796875 0.07890625 0.08515625
2 0.69375 0.2546875 0.0859375 0.08515625
2 0.353125 0.54140625 0.07734375 0.07890625
2 0.72265625 0.58984375 0.0875 0.08203125
2 0.4984375 0.7375 0.07890625 0.0859375
2 0.2296875 0.35390625 0.2375 0.24453125
2 0.43203125 0.28203125 0.2375 0.2421875
2 0.6921875 0.2609375 0.25625 0.24765625
2 0.52578125 0.47109375 0.25078125 0.24609375
2 0.35859375 0.540625 0.22734375 0.2359375
2 0.71484375 0.584375 0.25078125 0.24453125
2 0.50234375 0.7265625 0.2375 0.2375