2 0.1640625 0.2453125 0.25 0.33203125
2 0.4859375 0.24140625 0.22578125 0.2859375
2 0.66640625 0.2703125 0.10625 0.12265625
2 0.8671875 0.19921875 0.2375 0.321875
2 0.1734375 0.50078125 0.09453125 0.125
2 0.32578125 0.50703125 0.09453125 0.11875
2 0.45 0.49453125 0.10703125 0.13046875
2 0.88984375 0.56484375 0.09921875 0.12734375
2 0.91484375 0.80625 0.11796875 0.14609375
2 0.33046875 0.74609375 0.109375 0.1390625
2 0.1453125 0.73828125 0.196875 0.26796875
2 0.64609375 0.68828125 0.378125 0.48046875