2 0.25390625 0.87265625 0.125 0.09609375
2 0.12890625 0.77265625 0.18203125 0.25078125
2 0.4625 0.63671875 0.25078125 0.2734375
2 0.20390625 0.42734375 0.259375 0.17578125
2 0.2125 0.53984375 0.2375 0.13046875
2 0.63046875 0.33828125 0.08515625 0.08125
2 0.46171875 0.3375 0.2796875 0.29921875
2 0.78828125 0.44453125 0.09453125 0.1890625
2 0.68828125 0.47265625 0.13828125 0.17578125
2 0.56640625 0.6171875 0.2 0.225
2 0.80078125 0.74921875 0.27109375 0.22109375
2 0.78359375 0.834375 0.3234375 0.190625