2 0.76796875 0.96015625 0.12109375 0.0796875
2 0.825 0.9 0.11328125 0.13359375
2 0.6984375 0.75859375 0.09609375 0.15
2 0.9875 0.596875 0.025 0.1125
2 0.59765625 0.98359375 0.07421875 0.0328125
2 0.4578125 0.96875 0.0359375 0.0625
2 0.50859375 0.98984375 0.0921875 0.0203125
2 0.27109375 0.946875 0.0828125 0.10625
2 0.403125 0.64375 0.146875 0.20546875
2 0.3921875 0.803125 0.16171875 0.146875
2 0.54765625 0.67734375 0.08359375 0.16328125
2 0.24140625 0.7046875 0.1953125 0.1890625
2 0.078125 0.5421875 0.15625 0.334375
2 0.1625 0.55078125 0.09375 0.13984375
2 0.2515625 0.49375 0.0703125 0.0859375
2 0.44375 0.5015625 0.11328125 0.15390625
2 0.475 0.41640625 0.11875 0.17421875
2 0.5515625 0.50546875 0.08359375 0.121875
2 0.5546875 0.42109375 0.05546875 0.04296875
2 0.2671875 0.46953125 0.1828125 0.27734375
2 0.4015625 0.334375 0.065625 0.059375
2 0.0234375 0.32578125 0.04609375 0.06796875
2 0.67578125 0.0578125 0.125 0.115625
2 0.98828125 0.27578125 0.0234375 0.13203125
2 0.928125 0.55390625 0.11171875 0.1859375
2 0.9734375 0.4703125 0.053125 0.146875
2 0.73046875 0.51953125 0.15234375 0.1421875
2 0.68125 0.3328125 0.071875 0.08828125
2 0.76328125 0.38046875 0.09609375 0.1359375
2 0.784375 0.2640625 0.17734375 0.09921875