2 0.09296875 0.29609375 0.1859375 0.26640625
2 0.3171875 0.19609375 0.3125 0.3921875
2 0.0671875 0.63359375 0.13359375 0.43046875
2 0.1765625 0.446875 0.17734375 0.25
2 0.871875 0.09140625 0.25625 0.1828125
2 0.61171875 0.13203125 0.28671875 0.2640625
2 0.86328125 0.321875 0.2578125 0.340625
2 0.1703125 0.95078125 0.340625 0.0953125
2 0.16796875 0.7453125 0.2015625 0.3328125
2 0.5046875 0.56796875 0.4828125 0.73203125
2 0.925 0.55546875 0.15 0.1890625
2 0.415625 0.721875 0.16484375 0.1828125
2 0.60703125 0.43828125 0.1078125 0.19609375
2 0.5875 0.42421875 0.21953125 0.3015625