2 0.1328125 0.57890625 0.19140625 0.2671875
2 0.23046875 0.48046875 0.11484375 0.22109375
2 0.31875 0.415625 0.13984375 0.240625
2 0.50234375 0.315625 0.26640625 0.415625
2 0.87421875 0.51796875 0.18828125 0.296875
2 0.71640625 0.3984375 0.1578125 0.26328125
2 0.62734375 0.48046875 0.09375 0.121875
2 0.303125 0.6 0.08203125 0.07265625
2 0.4140625 0.59609375 0.1140625 0.15234375
2 0.5671875 0.6328125 0.13671875 0.11640625
2 0.79609375 0.765625 0.19296875 0.2828125
2 0.46015625 0.81015625 0.10078125 0.14140625
2 0.6015625 0.76796875 0.1 0.15390625
2 0.65859375 0.6953125 0.07734375 0.11171875