1 0.86796875 0.4609375 0.11875 0.12734375
3 0.409375 0.33203125 0.0703125 0.1109375
3 0.46875 0.39375 0.07109375 0.096875
3 0.5265625 0.43125 0.0734375 0.1
3 0.5890625 0.49375 0.0765625 0.1
3 0.5265625 0.5296875 0.07109375 0.1
3 0.4625 0.4890625 0.07265625 0.0953125
3 0.471875 0.59140625 0.07421875 0.1
3 0.409375 0.6265625 0.071875 0.0953125
3 0.403125 0.5296875 0.071875 0.1
3 0.4046875 0.4328125 0.06640625 0.096875
3 0.334375 0.53359375 0.06953125 0.0984375
3 0.3375 0.43359375 0.06640625 0.1015625
3 0.11953125 0.53125 0.07421875 0.09453125
3 0.19375 0.53203125 0.07265625 0.0984375
3 0.26484375 0.53515625 0.07109375 0.0984375
3 0.26953125 0.43984375 0.06796875 0.09296875
3 0.1234375 0.4359375 0.07421875 0.1
3 0.19765625 0.43359375 0.071875 0.1046875