2 0.1453125 0.053125 0.28984375 0.10625
2 0.146875 0.21953125 0.29296875 0.1578125
2 0.37578125 0.1703125 0.48984375 0.1875
2 0.68046875 0.06171875 0.38984375 0.1234375
2 0.87265625 0.0296875 0.2515625 0.059375
2 0.6796875 0.23984375 0.38203125 0.1453125
2 0.8671875 0.18515625 0.26484375 0.1875
2 0.6875 0.44375 0.37578125 0.14296875
2 0.14921875 0.4375 0.2984375 0.15
2 0.3796875 0.4 0.49453125 0.1796875
2 0.86875 0.41484375 0.2625 0.1703125
2 0.86875 0.64765625 0.2625 0.153125
2 0.075 0.64765625 0.15 0.153125
2 0.1484375 0.8578125 0.296875 0.14375
2 0.38828125 0.64140625 0.49765625 0.16015625
2 0.39375 0.87109375 0.49765625 0.1453125
2 0.68671875 0.653125 0.11015625 0.14296875
2 0.86875 0.87109375 0.2625 0.1453125
2 0.67265625 0.85703125 0.17734375 0.13828125