2 0.234375 0.0640625 0.46875 0.128125
2 0.24609375 0.18203125 0.4921875 0.1328125
2 0.4875 0.23984375 0.30390625 0.10078125
2 0.51328125 0.4109375 0.33515625 0.084375
2 0.49609375 0.46171875 0.30703125 0.0765625
2 0.49296875 0.63984375 0.3265625 0.11484375
2 0.2859375 0.3484375 0.4203125 0.1328125
2 0.13125 0.3828125 0.2625 0.14375
2 0.27265625 0.51796875 0.421875 0.125
2 0.13046875 0.5796875 0.26015625 0.14296875
2 0.303125 0.74375 0.38359375 0.1328125
2 0.14609375 0.7828125 0.29140625 0.1671875
2 0.1390625 0.90390625 0.27734375 0.103125
2 0.3796875 0.8921875 0.21640625 0.12265625
2 0.740625 0.8375 0.51796875 0.23203125
2 0.7359375 0.56875 0.528125 0.2296875
2 0.74453125 0.271875 0.5109375 0.228125
2 0.7375 0.0703125 0.525 0.140625