2 0.50703125 0.06875 0.13125 0.1375
2 0.51328125 0.28359375 0.11953125 0.27265625
2 0.52890625 0.57265625 0.14453125 0.24609375
2 0.52734375 0.8140625 0.14765625 0.24609375
2 0.78359375 0.23359375 0.4328125 0.4671875
2 0.76953125 0.48671875 0.4609375 0.53984375
2 0.64140625 0.8765625 0.13125 0.16015625
2 0.796875 0.7953125 0.40546875 0.3171875
2 0.334375 0.84921875 0.2765625 0.21875
2 0.22421875 0.1546875 0.4484375 0.309375
2 0.234375 0.40859375 0.46875 0.5921875
2 0.23203125 0.7203125 0.4640625 0.47578125