2 0.1921875 0.15703125 0.384375 0.25703125
2 0.503125 0.0765625 0.4328125 0.153125
2 0.78359375 0.04296875 0.4328125 0.0859375
2 0.7734375 0.19609375 0.45234375 0.22578125
2 0.49921875 0.278125 0.44609375 0.1609375
2 0.1953125 0.41328125 0.390625 0.2109375
2 0.50234375 0.4921875 0.43046875 0.15859375
2 0.7734375 0.4546875 0.45234375 0.19765625
2 0.20078125 0.68828125 0.4015625 0.1890625
2 0.7734375 0.70234375 0.45234375 0.16875
2 0.4734375 0.70390625 0.16796875 0.15546875
2 0.2046875 0.90859375 0.40859375 0.09375
2 0.53984375 0.903125 0.3421875 0.10390625
2 0.7734375 0.90703125 0.45234375 0.0859375