3 0.14609375 0.58671875 0.22265625 0.26875
3 0.32421875 0.45078125 0.1890625 0.2015625
3 0.5421875 0.73671875 0.1359375 0.15625
3 0.634375 0.5828125 0.19140625 0.22109375
3 0.83125 0.58671875 0.18984375 0.19375
3 0.90234375 0.465625 0.1953125 0.24609375
3 0.49296875 0.384375 0.18671875 0.1265625
1 0.08671875 0.24140625 0.1734375 0.19921875
1 0.10859375 0.36484375 0.2171875 0.28671875
3 0.19765625 0.44375 0.06875 0.078125
1 0.546875 0.515625 0.27265625 0.19921875
1 0.70078125 0.28671875 0.175 0.4328125
1 0.21875 0.31484375 0.084375 0.18671875
1 0.2984375 0.23046875 0.109375 0.26640625