3 0.459375 0.09296875 0.1375 0.1859375
3 0.15703125 0.65078125 0.121875 0.171875
3 0.37421875 0.17890625 0.03359375 0.10078125
3 0.55859375 0.64609375 0.0734375 0.0984375
3 0.36953125 0.49140625 0.05390625 0.06875
3 0.325 0.56015625 0.125 0.15859375
3 0.228125 0.44765625 0.09375 0.11171875
3 0.3203125 0.04921875 0.0640625 0.0875
3 0.51640625 0.36875 0.06953125 0.07109375
3 0.703125 0.39921875 0.1125 0.1265625
3 0.67421875 0.503125 0.10078125 0.1453125
3 0.5609375 0.6453125 0.0640625 0.10078125
3 0.49921875 0.45234375 0.109375 0.13203125
1 0.12109375 0.3375 0.1421875 0.096875
1 0.2453125 0.1390625 0.15625 0.19921875
1 0.453125 0.20234375 0.13046875 0.10625
1 0.59921875 0.29765625 0.09140625 0.20703125
1 0.775 0.3765625 0.175 0.290625
1 0.51953125 0.584375 0.0765625 0.21796875
1 0.178125 0.484375 0.12890625 0.2