1 0.55859375 0.04453125 0.3484375 0.0890625
1 0.76640625 0.1359375 0.0796875 0.19375
1 0.05546875 0.3703125 0.1109375 0.2078125
1 0.315625 0.73203125 0.16875 0.2515625
1 0.7078125 0.815625 0.17578125 0.15078125
1 0.81171875 0.46640625 0.1125 0.2609375
1 0.953125 0.49609375 0.09296875 0.19765625
3 0.08046875 0.125 0.1609375 0.20859375
3 0.03046875 0.540625 0.0609375 0.16796875
3 0.3265625 0.89609375 0.1390625 0.12109375
3 0.51015625 0.821875 0.13984375 0.20546875
3 0.54140625 0.70859375 0.06171875 0.07421875
3 0.74375 0.9171875 0.08359375 0.078125
3 0.859375 0.84453125 0.11171875 0.17890625
3 0.9625 0.871875 0.075 0.14375
3 0.86484375 0.67734375 0.121875 0.16953125
3 0.709375 0.5578125 0.08203125 0.1046875
3 0.68359375 0.66171875 0.1203125 0.16015625
3 0.534375 0.31875 0.046875 0.11171875
3 0.45 0.159375 0.071875 0.10625
3 0.62109375 0.21171875 0.16796875 0.2296875
1 0.25078125 0.5328125 0.16484375 0.11953125
1 0.37109375 0.27109375 0.16875 0.24453125
1 0.621875 0.34921875 0.14765625 0.12890625