3 0.403125 0.0515625 0.0578125 0.06953125
3 0.40703125 0.415625 0.0328125 0.0859375
3 0.17265625 0.35859375 0.03984375 0.1109375
3 0.45859375 0.5734375 0.08046875 0.12265625
3 0.63203125 0.76796875 0.115625 0.1515625
3 0.62578125 0.653125 0.08359375 0.08984375
3 0.5265625 0.6375 0.06328125 0.0796875
1 0.2015625 0.35546875 0.10625 0.109375
1 0.43203125 0.35546875 0.0921875 0.084375
1 0.47265625 0.73515625 0.18828125 0.13671875
1 0.73046875 0.66875 0.0859375 0.21171875
1 0.6734375 0.584375 0.0578125 0.13828125
1 0.55625 0.584375 0.1109375 0.1953125
1 0.48515625 0.540625 0.1234375 0.1625
1 0.5203125 0.346875 0.10546875 0.09921875
1 0.5375 0.41875 0.3296875 0.08671875
1 0.7984375 0.11640625 0.0640625 0.115625
1 0.73515625 0.08671875 0.2234375 0.09140625