3 0.29375 0.66953125 0.11484375 0.15625
3 0.39609375 0.84765625 0.14921875 0.2234375
3 0.71484375 0.8671875 0.18515625 0.17421875
3 0.8484375 0.15546875 0.06015625 0.16640625
3 0.05859375 0.05703125 0.05390625 0.1140625
3 0.12109375 0.096875 0.10625 0.1640625
3 0.0671875 0.4140625 0.134375 0.18671875
3 0.0265625 0.28984375 0.05234375 0.08203125
3 0.209375 0.290625 0.16875 0.17421875
3 0.371875 0.11875 0.15 0.2375
3 0.38359375 0.3046875 0.0984375 0.14140625
3 0.35703125 0.26953125 0.140625 0.146875
3 0.621875 0.03984375 0.1 0.0796875
3 0.70703125 0.2125 0.225 0.3203125
3 0.57109375 0.56640625 0.171875 0.23828125
3 0.88828125 0.309375 0.09140625 0.14140625
3 0.77109375 0.61875 0.17734375 0.23828125
3 0.021875 0.5875 0.04375 0.1015625
1 0.0640625 0.72578125 0.12734375 0.20390625
1 0.05390625 0.8515625 0.1078125 0.1546875
1 0.11875 0.93359375 0.23671875 0.046875
1 0.71796875 0.45625 0.175 0.15625
1 0.7234375 0.103125 0.10546875 0.20625
1 0.16640625 0.43984375 0.1203125 0.23359375
1 0.240625 0.1390625 0.20625 0.278125
1 0.503125 0.18125 0.128125 0.3625
1 0.91796875 0.028125 0.1640625 0.05625
1 0.94921875 0.1078125 0.1015625 0.146875