3 0.37109375 0.059375 0.16015625 0.08203125
3 0.82578125 0.1359375 0.1875 0.18046875
3 0.1375 0.184375 0.20625 0.13203125
3 0.34921875 0.18203125 0.196875 0.18828125
3 0.56875 0.1671875 0.21015625 0.178125
3 0.87109375 0.0375 0.17578125 0.07421875
3 0.50546875 0.36640625 0.3078125 0.26875
3 0.8359375 0.37578125 0.3 0.278125
3 0.509375 0.5296875 0.30390625 0.1984375
3 0.8171875 0.521875 0.303125 0.23046875
3 0.5265625 0.63984375 0.2828125 0.22265625
3 0.80078125 0.6703125 0.27421875 0.15
3 0.5234375 0.76015625 0.28828125 0.190625
3 0.8015625 0.76484375 0.2765625 0.19609375