3 0.23046875 0.83671875 0.3265625 0.3265625
3 0.0671875 0.5421875 0.134375 0.28125
3 0.0484375 0.08515625 0.096875 0.1703125
3 0.203125 0.521875 0.28828125 0.20625
3 0.03515625 0.240625 0.06953125 0.16328125
3 0.04296875 0.83125 0.0859375 0.1625
3 0.2421875 0.734375 0.30703125 0.31875
3 0.17890625 0.28125 0.2921875 0.31484375
3 0.2578125 0.05703125 0.16171875 0.1140625
3 0.3625 0.215625 0.28671875 0.40234375
3 0.58984375 0.0828125 0.31484375 0.165625
3 0.56171875 0.590625 0.2203125 0.240625
3 0.45546875 0.884375 0.184375 0.23046875
3 0.61875 0.340625 0.24296875 0.28046875
3 0.46953125 0.5859375 0.34453125 0.37421875
3 0.90390625 0.1203125 0.1921875 0.240625
3 0.6109375 0.85234375 0.23046875 0.2953125
3 0.815625 0.49453125 0.29609375 0.184375
3 0.93046875 0.38359375 0.1390625 0.30078125
3 0.828125 0.76796875 0.34375 0.3703125
3 0.71484375 0.26875 0.3296875 0.38828125
3 0.93046875 0.9265625 0.134375 0.146875