3 0.353125 0.740625 0.19375 0.190625
3 0.525 0.81171875 0.18671875 0.20703125
3 0.36328125 0.615625 0.0703125 0.0890625
3 0.23984375 0.64375 0.19375 0.1515625
3 0.21328125 0.52578125 0.19921875 0.20859375
3 0.1890625 0.34140625 0.17734375 0.190625
3 0.26484375 0.215625 0.16640625 0.153125
3 0.440625 0.61171875 0.13359375 0.18515625
3 0.54609375 0.578125 0.18125 0.09765625
3 0.5328125 0.48984375 0.16953125 0.0890625
3 0.34609375 0.38359375 0.18125 0.190625
3 0.5359375 0.35859375 0.209375 0.18828125
3 0.40078125 0.22265625 0.1421875 0.153125
3 0.47265625 0.2609375 0.14609375 0.140625
3 0.56171875 0.14296875 0.14921875 0.13125
3 0.75859375 0.1 0.19296875 0.18828125
3 0.71484375 0.25859375 0.18359375 0.1625
3 0.6984375 0.40390625 0.16484375 0.2015625
3 0.8015625 0.81015625 0.09921875 0.08984375
3 0.903125 0.70546875 0.0796875 0.0796875
3 0.67890625 0.9125 0.0953125 0.08828125
3 0.809375 0.73125 0.10234375 0.08125
3 0.9578125 0.7234375 0.06640625 0.1015625