3 0.1796875 0.471875 0.1421875 0.225
3 0.5890625 0.2015625 0.13515625 0.1921875
3 0.36953125 0.34296875 0.1515625 0.2390625
3 0.3796875 0.43515625 0.14921875 0.21484375
3 0.50390625 0.36484375 0.1328125 0.21015625
3 0.625 0.3328125 0.11484375 0.1515625
3 0.76328125 0.371875 0.1265625 0.20859375
3 0.65546875 0.41015625 0.14765625 0.21953125
3 0.553125 0.51328125 0.140625 0.21484375
3 0.6921875 0.5109375 0.128125 0.1984375
3 0.8265625 0.5765625 0.14453125 0.2359375
3 0.5046875 0.61171875 0.1421875 0.21015625
3 0.37890625 0.68984375 0.146875 0.24609375
3 0.55859375 0.74765625 0.1671875 0.24453125