3 0.2453125 0.903125 0.2015625 0.19375
3 0.384375 0.83984375 0.171875 0.303125
3 0.1328125 0.66640625 0.21640625 0.2234375
3 0.18984375 0.4859375 0.21640625 0.240625
3 0.32890625 0.1171875 0.1890625 0.234375
3 0.4765625 0.2375 0.18359375 0.29765625
3 0.6265625 0.1359375 0.1875 0.271875
3 0.61640625 0.4125 0.20390625 0.22578125
3 0.309375 0.334375 0.159375 0.22578125
3 0.3140625 0.5796875 0.1640625 0.27578125
3 0.515625 0.88671875 0.18359375 0.2234375
3 0.67578125 0.890625 0.1390625 0.21875
3 0.88125 0.9234375 0.2375 0.153125
3 0.88359375 0.73984375 0.2328125 0.3171875
3 0.52734375 0.63203125 0.18125 0.2734375
3 0.4546875 0.5203125 0.2046875 0.29375
3 0.853125 0.4125 0.21015625 0.2328125
3 0.69296875 0.61328125 0.17578125 0.29765625
3 0.8796875 0.58046875 0.20234375 0.2515625