3 0.340625 0.2421875 0.1234375 0.115625
3 0.24609375 0.32421875 0.1359375 0.1265625
3 0.1578125 0.43671875 0.146875 0.1390625
3 0.18203125 0.6234375 0.16796875 0.16953125
3 0.33203125 0.77421875 0.1859375 0.1859375
3 0.4859375 0.8046875 0.19609375 0.15390625
3 0.3109375 0.596875 0.10078125 0.16796875
3 0.28203125 0.49140625 0.16484375 0.1296875
3 0.46640625 0.646875 0.18203125 0.178125
3 0.6640625 0.6171875 0.153125 0.16953125
3 0.57109375 0.60625 0.13125 0.15859375
3 0.4203125 0.5609375 0.16640625 0.16015625
3 0.43515625 0.5078125 0.1484375 0.13125
3 0.87890625 0.5171875 0.16328125 0.15546875
3 0.878125 0.3359375 0.1484375 0.1296875
3 0.72578125 0.51171875 0.15234375 0.14609375
3 0.59296875 0.45390625 0.16328125 0.16015625
3 0.828125 0.40703125 0.1171875 0.134375
3 0.7265625 0.38125 0.14765625 0.14453125
3 0.33984375 0.40546875 0.14921875 0.1296875
3 0.44765625 0.3609375 0.071875 0.14296875
3 0.5453125 0.4625 0.1390625 0.103125
3 0.5515625 0.359375 0.1453125 0.128125
3 0.6578125 0.2734375 0.1421875 0.13984375
3 0.76171875 0.275 0.09375 0.1171875
3 0.78125 0.26328125 0.09609375 0.1015625
3 0.3578125 0.3671875 0.11875 0.13125
3 0.4734375 0.20078125 0.1265625 0.0921875
3 0.4375 0.27734375 0.1296875 0.09609375
3 0.52578125 0.2546875 0.065625 0.08671875
3 0.56015625 0.2640625 0.08046875 0.0953125
3 0.62421875 0.18125 0.13671875 0.0765625