3 0.13203125 0.41484375 0.1609375 0.146875
3 0.36171875 0.22265625 0.11875 0.1265625
3 0.590625 0.2921875 0.16875 0.13671875
3 0.44453125 0.3171875 0.1421875 0.15625
3 0.24453125 0.52734375 0.1453125 0.15
3 0.18046875 0.7 0.146875 0.146875
3 0.334375 0.64453125 0.14453125 0.153125
3 0.41015625 0.42890625 0.1125 0.115625
3 0.5421875 0.42890625 0.15234375 0.1484375
3 0.6484375 0.434375 0.0859375 0.13203125
3 0.76328125 0.3953125 0.159375 0.14453125
3 0.81796875 0.4953125 0.1625 0.1484375
3 0.72109375 0.7109375 0.1453125 0.146875
3 0.478125 0.709375 0.153125 0.1265625
3 0.48046875 0.5703125 0.1453125 0.1484375
3 0.590625 0.615625 0.11484375 0.115625
3 0.6875 0.56015625 0.1484375 0.15