3 0.2171875 0.30234375 0.27734375 0.37890625
3 0.38671875 0.11015625 0.20390625 0.2203125
3 0.0921875 0.5890625 0.18359375 0.2640625
3 0.16796875 0.7828125 0.2390625 0.39765625
3 0.365625 0.925 0.21640625 0.14921875
3 0.27890625 0.51484375 0.21953125 0.17578125
3 0.41015625 0.67578125 0.290625 0.4015625
3 0.42421875 0.3828125 0.16640625 0.24375
3 0.59921875 0.3546875 0.22890625 0.2328125
3 0.55859375 0.20703125 0.225 0.30703125
3 0.803125 0.12578125 0.1 0.24765625
3 0.0640625 0.1875 0.128125 0.375
3 0.7 0.1375 0.1171875 0.2609375
3 0.62265625 0.8640625 0.309375 0.27109375
3 0.546875 0.72421875 0.23828125 0.29375
3 0.39921875 0.68046875 0.11328125 0.21796875
3 0.6984375 0.91796875 0.20546875 0.1609375
3 0.640625 0.56953125 0.2703125 0.33671875
3 0.915625 0.43984375 0.16796875 0.3609375
3 0.82734375 0.74609375 0.24765625 0.16796875
3 0.76328125 0.5109375 0.1828125 0.29375