3 0.29140625 0.30390625 0.1828125 0.2203125
3 0.42578125 0.22109375 0.1625 0.171875
3 0.56796875 0.16953125 0.13984375 0.16796875
3 0.7125 0.33671875 0.1703125 0.16640625
3 0.44296875 0.38203125 0.19765625 0.190625
3 0.56015625 0.28046875 0.16875 0.15
3 0.3 0.56796875 0.225 0.29609375
3 0.49140625 0.61796875 0.22734375 0.31796875
3 0.61328125 0.47578125 0.190625 0.26796875
3 0.7875 0.54296875 0.20546875 0.271875
3 0.69140625 0.70546875 0.23515625 0.334375
3 0.36953125 0.82421875 0.253125 0.35078125