3 0.10234375 0.21875 0.1328125 0.109375
3 0.090625 0.32734375 0.1609375 0.14453125
3 0.21796875 0.1875 0.10859375 0.15
3 0.20703125 0.2953125 0.17578125 0.19765625
3 0.3078125 0.196875 0.0890625 0.16796875
3 0.390625 0.2875 0.17421875 0.17578125
3 0.4140625 0.1421875 0.13125 0.11484375
3 0.5546875 0.18203125 0.16875 0.1796875
3 0.346875 0.39609375 0.14609375 0.14765625
3 0.68359375 0.24609375 0.1796875 0.17734375
3 0.87265625 0.20078125 0.190625 0.1828125
3 0.06328125 0.690625 0.1265625 0.19765625
3 0.26328125 0.87578125 0.18515625 0.12421875
3 0.18828125 0.64375 0.13125 0.18125
3 0.06328125 0.440625 0.1265625 0.1125
3 0.33359375 0.74453125 0.18125 0.16796875
3 0.325 0.5890625 0.171875 0.1609375
3 0.5109375 0.8375 0.18046875 0.1703125
3 0.703125 0.82734375 0.2 0.19453125
3 0.5234375 0.65859375 0.17734375 0.17734375
3 0.70625 0.671875 0.17265625 0.1421875
3 0.88984375 0.66640625 0.2 0.2015625
3 0.45 0.50546875 0.17421875 0.171875
3 0.5953125 0.34453125 0.16875 0.153125
3 0.5515625 0.4421875 0.16328125 0.1515625
3 0.60859375 0.57890625 0.1375 0.1328125
3 0.68828125 0.459375 0.13359375 0.16484375
3 0.92109375 0.82578125 0.1578125 0.13125
3 0.81484375 0.39921875 0.175 0.1703125
3 0.92890625 0.4875 0.1421875 0.171875