3 0.27265625 0.18828125 0.0625 0.07421875
3 0.40234375 0.15078125 0.05703125 0.0796875
3 0.49296875 0.1328125 0.071875 0.0921875
3 0.58203125 0.134375 0.071875 0.09765625
3 0.678125 0.1296875 0.0765625 0.1
3 0.784375 0.1296875 0.096875 0.121875
3 0.90390625 0.13984375 0.10859375 0.1390625
3 0.56328125 0.30859375 0.05703125 0.07734375
3 0.671875 0.30078125 0.05859375 0.0796875
3 0.81484375 0.3265625 0.1125 0.153125
3 0.94140625 0.3234375 0.09921875 0.121875
3 0.20234375 0.33828125 0.0625 0.07421875
3 0.26953125 0.27109375 0.05703125 0.07578125
3 0.31796875 0.33359375 0.06484375 0.0796875
3 0.42578125 0.31796875 0.0734375 0.09609375
3 0.1421875 0.51796875 0.1015625 0.1328125
3 0.278125 0.50390625 0.09921875 0.13125
3 0.37421875 0.49453125 0.07421875 0.13125
3 0.48671875 0.58125 0.0734375 0.15
3 0.60703125 0.5703125 0.084375 0.1125
3 0.59921875 0.4171875 0.11796875 0.14609375
3 0.47421875 0.41328125 0.0703125 0.14609375
3 0.73359375 0.48828125 0.11328125 0.14453125
3 0.9296875 0.484375 0.140625 0.215625
3 0.978125 0.7640625 0.04375 0.09375
3 0.9640625 0.86328125 0.071875 0.09765625
3 0.8078125 0.65390625 0.0890625 0.1125
3 0.91328125 0.6546875 0.06171875 0.1140625
3 0.71640625 0.6484375 0.05078125 0.1109375
3 0.6125 0.71484375 0.0859375 0.121875
3 0.83203125 0.8265625 0.12109375 0.16328125
3 0.6984375 0.8484375 0.11328125 0.16484375
3 0.17734375 0.69453125 0.1203125 0.15546875
3 0.33046875 0.71328125 0.0859375 0.121875
3 0.41875 0.86171875 0.05390625 0.07890625
3 0.55 0.84765625 0.11484375 0.16640625
3 0.3453125 0.86484375 0.0640625 0.07890625
3 0.2328125 0.8484375 0.09296875 0.1234375
3 0.09140625 0.84375 0.09765625 0.1234375