3 0.2734375 0.9140625 0.2421875 0.171875
3 0.55703125 0.84609375 0.22890625 0.2421875
3 0.80078125 0.796875 0.22109375 0.240625
3 0.825 0.59609375 0.20625 0.20546875
3 0.93359375 0.50078125 0.13203125 0.18515625
3 0.9640625 0.68125 0.071875 0.18984375
3 0.94140625 0.340625 0.1171875 0.1625
3 0.903125 0.22265625 0.1734375 0.15
3 0.834375 0.06640625 0.1546875 0.1328125
3 0.3640625 0.74140625 0.2234375 0.23671875
3 0.046875 0.6546875 0.09296875 0.12578125
3 0.16328125 0.7203125 0.22578125 0.22734375
3 0.3078125 0.5765625 0.20703125 0.18828125
3 0.48984375 0.53515625 0.17890625 0.19453125
3 0.5828125 0.47265625 0.184375 0.1796875
3 0.6875 0.375 0.171875 0.17734375
3 0.76328125 0.26640625 0.175 0.159375
3 0.096875 0.54140625 0.19296875 0.1921875
3 0.0703125 0.384375 0.140625 0.175
3 0.075 0.2375 0.15 0.146875
3 0.2 0.2953125 0.17734375 0.15703125
3 0.225 0.17265625 0.16796875 0.13515625
3 0.34296875 0.10234375 0.15859375 0.1390625
3 0.46015625 0.03359375 0.134375 0.06640625
3 0.70390625 0.09921875 0.153125 0.1421875
3 0.56640625 0.0546875 0.1546875 0.109375
3 0.46640625 0.1421875 0.14765625 0.13671875
3 0.6109375 0.13515625 0.16640625 0.08515625
3 0.225 0.4328125 0.18359375 0.18515625
3 0.35 0.240625 0.16953125 0.15546875
3 0.396875 0.38359375 0.1828125 0.1796875
3 0.49453125 0.2765625 0.16640625 0.15703125
3 0.62578125 0.2265625 0.1703125 0.12734375