3 0.115625 0.59765625 0.13125 0.21171875
3 0.196875 0.52421875 0.16484375 0.16015625
3 0.3578125 0.4578125 0.15 0.14921875
3 0.54140625 0.3859375 0.2125 0.20859375
3 0.765625 0.46796875 0.15859375 0.16328125
3 0.42265625 0.53984375 0.21328125 0.20546875
3 0.234375 0.740625 0.1953125 0.1921875
3 0.359375 0.66796875 0.2015625 0.1921875
3 0.47734375 0.7515625 0.178125 0.16640625
3 0.625 0.52890625 0.165625 0.13125
3 0.59921875 0.64140625 0.20703125 0.1890625
3 0.85546875 0.603125 0.2203125 0.21640625
3 0.74296875 0.7609375 0.196875 0.2015625