3 0.20859375 0.8671875 0.28984375 0.265625
3 0.50859375 0.91328125 0.265625 0.1734375
3 0.8140625 0.85703125 0.26171875 0.2859375
3 0.69140625 0.69453125 0.296875 0.4234375
3 0.11015625 0.659375 0.2203125 0.3828125
3 0.39609375 0.70234375 0.30625 0.40703125
3 0.921875 0.5140625 0.15625 0.35859375
3 0.11015625 0.35703125 0.2203125 0.2703125
3 0.25703125 0.49765625 0.22421875 0.41796875
3 0.79765625 0.3109375 0.20625 0.24375
3 0.4875 0.50859375 0.253125 0.2921875
3 0.38984375 0.31953125 0.24921875 0.33671875
3 0.6171875 0.228125 0.26015625 0.334375
3 0.4609375 0.14765625 0.1953125 0.2921875
3 0.2828125 0.20078125 0.20859375 0.19765625