0 0.65703125 0.6578125 0.04921875 0.05546875
0 0.66875 0.39296875 0.03671875 0.034375
0 0.6734375 0.42421875 0.03984375 0.0328125
0 0.759375 0.65625 0.0671875 0.03203125
0 0.7359375 0.69609375 0.06484375 0.05390625
0 0.02578125 0.30078125 0.0515625 0.18125
0 0.040625 0.371875 0.08125 0.153125
0 0.07734375 0.40390625 0.11171875 0.1578125
0 0.1203125 0.45625 0.10625 0.16328125
0 0.02734375 0.575 0.05234375 0.07421875
0 0.00859375 0.61484375 0.0171875 0.06015625
0 0.15546875 0.4234375 0.0546875 0.0671875
0 0.23203125 0.39296875 0.07109375 0.03203125
0 0.24453125 0.42265625 0.06015625 0.03046875
0 0.2453125 0.45390625 0.05234375 0.0265625
0 0.265625 0.509375 0.06328125 0.09453125
0 0.15625 0.54296875 0.05234375 0.06015625
0 0.15546875 0.4859375 0.046875 0.059375
0 0.203125 0.5375 0.04765625 0.065625
0 0.2 0.478125 0.0453125 0.0609375
0 0.196875 0.41640625 0.03125 0.03125
0 0.2 0.43984375 0.03359375 0.02265625
0 0.078125 0.609375 0.05859375 0.0859375
0 0.25078125 0.74765625 0.059375 0.0390625
0 0.21484375 0.81171875 0.05703125 0.03984375
0 0.17578125 0.85703125 0.0546875 0.04296875
0 0.1625 0.7359375 0.05703125 0.034375
0 0.1203125 0.77734375 0.04453125 0.03359375
0 0.02265625 0.71015625 0.0453125 0.0296875
0 0.0578125 0.77578125 0.0421875 0.0265625
0 0.17578125 0.85546875 0.05390625 0.0453125
0 0.30390625 0.48203125 0.03046875 0.02265625