2 0.04375 0.3359375 0.08359375 0.1046875
2 0.05 0.44375 0.09921875 0.096875
2 0.13125 0.3734375 0.115625 0.1546875
2 0.275 0.1984375 0.1140625 0.08046875
2 0.2703125 0.36328125 0.1703125 0.08203125
2 0.12109375 0.559375 0.15 0.096875
2 0.1921875 0.490625 0.05859375 0.07109375
2 0.11640625 0.6578125 0.1484375 0.0859375
2 0.253125 0.86796875 0.078125 0.1734375
2 0.2625 0.60390625 0.11015625 0.1078125
2 0.41171875 0.7484375 0.0859375 0.0578125
2 0.55078125 0.78515625 0.1296875 0.0859375
2 0.553125 0.64140625 0.1703125 0.0859375
2 0.55078125 0.584375 0.09609375 0.06875
2 0.55234375 0.4671875 0.0984375 0.06875
2 0.4875 0.4625 0.08046875 0.07421875
2 0.41015625 0.52578125 0.1 0.07421875
2 0.33984375 0.55078125 0.053125 0.0578125
2 0.34765625 0.49140625 0.04765625 0.06171875
2 0.3421875 0.65 0.07109375 0.065625
2 0.35546875 0.29296875 0.05234375 0.08984375
2 0.49609375 0.2296875 0.12109375 0.10078125
2 0.403125 0.20625 0.06875 0.1625
2 0.49921875 0.34609375 0.11953125 0.0953125
2 0.64140625 0.321875 0.17109375 0.10234375
2 0.6484375 0.40859375 0.1359375 0.0671875
2 0.56875 0.08515625 0.115625 0.1703125
2 0.6515625 0.67890625 0.1046875 0.1453125
2 0.653125 0.50234375 0.12421875 0.08359375
2 0.75546875 0.02890625 0.13828125 0.0578125
2 0.8640625 0.2734375 0.1 0.08359375
2 0.7890625 0.4875 0.1375 0.08046875
2 0.9265625 0.45859375 0.146875 0.08515625
2 0.9328125 0.6140625 0.13359375 0.09140625
2 0.9421875 0.68203125 0.115625 0.0671875
2 0.73671875 0.7578125 0.11875 0.32265625
2 0.7625 0.18671875 0.07890625 0.153125
0 0.89609375 0.040625 0.1515625 0.08046875